0.138964667
1.716963001
3.071225645
1.469473963
0.872862651
0.304209998
0.817762459
3.339376955
0.11961118
0.500794142
1.119792686
0.576067664
1.543666463
1.628987325
3.039847287
1.881418326
2.7926587
0.498762658
1.202586371
0.777076374
2.086683503
0.948335539
3.717729972
0.833348383
1.154813348
2.019977961
1.260595504
2.59761246
0.26462459
1.166208823
2.029778641
2.84756786
3.470121558
0.294945507
0.340467007
3.623203312
0.789393218
3.63396991
2.122640316
0.385528682
0.702608433
0.234207235
0.013500911
1.214010727
1.724578446
1.222046565
2.017981658
1.435757092
1.729583525
0.810953947
1.146770357
